90863 90887 90901 90907 90911 90917 90931 90947 90971 90977
91811 91813 91823 91837 91841 91867 91873 91909 91921 91939
92369 92377 92381 92383 92387 92399 92401 92413 92419 92431
93089 93097 93103 93113 93131 93133 93139 93151 93169 93179 
96469 96479 96487 96493 96497 96517 96527 96553 96557 96581 
96587 96589 96601 96643 96661 96667 96671 96697 96703 96731 
96737 96739 96749 96757 96763 96769 96779 96787 96797 96799 
96821 96823 96827 96847 96851 96857 96893 96907 96911 96931 
96953 96959 96973 96979 96989 96997 97001 97003 97007 97021 
97039 97073 97081 97103 97117 97127 97151 97157 97159 97169 
97171 97177 97187 97213 97231 97241 97259 97283 97301 97303 
97327 97367 97369 97373 97379 97381 97387 97397 97423 97429 
97441 97453 97459 97463 97499 97501 97511 97523 97547 97549 
97553 97561 97571 97577 97579 97583 97607 97609 97613 97649
100129 100151 100153 100169 100183 100189 100193 100207 100213 100237 
100267 100271 100279 100291 100297 100313 100333 100343 100357 100361 
100363 100379 100391 100393 100403 100411 100417 100447 100459 100469 
100483 100493 100501 100511 100517 100519 100523 100537 100547 100549 
100559 100591 100609 100613 100621 100649 100669 100673 100693 100699
102031 102043 102059 102061 102071 102077 102079 102101 102103 102107
-1